3.45 1.82
3.88 3.31
2.89 0.61
1.60 1.07
2.14 1.25
1.69 3.05
1.13 0.69
1.47 1.82
2.48 2.08
1.75 2.17
1.20 2.21
2.73 1.99
2.84 1.76
2.72 1.05
2.03 2.40
1.26 0.96
1.58 1.82
2.96 1.29
2.74 1.82
1.56 1.75
3.51 1.56
3.07 2.06
1.64 2.50
2.08 1.94
2.34 1.66
3.50 2.07
2.57 2.72
1.34 3.04
2.70 1.47
2.22 1.35
2.87 1.98
2.64 2.04
2.19 1.65
1.68 1.87
3.72 2.62
2.40 2.39
3.70 2.32
2.46 1.57
1.99 1.27
2.39 1.53
2.97 2.69
1.95 1.75
1.03 2.60
2.61 1.93
3.49 2.42
2.43 2.02
2.54 1.47
1.93 1.30
1.13 0.70
3.12 0.56
4.11 3.08
5.08 4.68
3.30 3.83
3.66 3.96
3.55 3.49
4.13 3.79
4.00 3.75
3.90 4.15
3.54 4.98
4.43 2.05
3.53 4.46
4.66 2.99
5.25 3.97
2.94 3.70
3.54 5.11
2.45 3.43
4.27 4.53
2.85 4.97
3.00 3.38
3.75 4.60
4.39 4.00
4.62 3.62
5.11 4.07
2.70 3.36
3.30 3.20
4.47 3.15
4.00 3.91
3.45 4.08
3.50 5.31
2.93 4.19
3.65 3.85
2.78 4.60
4.15 4.77
4.44 3.44
3.14 3.64
4.37 3.22
3.83 2.45
3.30 4.33
4.58 4.98
4.30 4.26
3.31 2.60
4.70 4.38
4.32 4.46
3.69 4.79
4.68 3.80
3.56 3.96
4.47 4.81
4.70 2.66
4.21 1.83
2.87 3.40
18.31 17.70
18.09 18.30
18.29 18.34
17.79 16.25
18.18 17.34
18.38 17.06
18.72 17.36
17.54 18.28
19.66 17.33
19.27 18.35
17.37 18.54
18.16 17.67
17.69 16.55
17.89 18.38
18.19 17.77
18.75 17.72
18.44 17.18
17.86 18.20
18.51 18.03
18.24 18.89
18.88 17.60
18.17 19.09
18.12 18.02
19.00 18.63
17.54 18.00
17.21 17.82
18.64 17.09
18.72 17.73
17.51 17.48
16.49 17.93
17.19 16.81
18.00 17.58
17.72 18.09
18.12 17.75
17.80 17.72
17.82 17.34
17.08 17.20
18.37 18.00
18.64 18.83
17.46 17.25
16.68 17.85
18.49 19.06
18.05 17.67
18.16 17.42
18.06 17.94
17.12 17.76
18.33 19.01
18.39 19.37
17.51 18.13
17.88 18.10
4.67 3.54
1.50 2.94
3.63 2.51
3.56 2.27
3.07 4.08
3.26 3.88
3.05 2.52
3.36 3.04
4.51 2.42
3.07 1.97
4.15 3.47
4.00 2.82
3.32 3.92
2.79 3.40
2.01 2.79
2.92 2.51
1.88 3.20
3.17 3.44
3.68 2.38
3.19 3.10
3.85 3.65
2.45 1.72
2.43 3.70
2.99 2.86
2.51 2.56
3.33 3.54
3.36 3.13
3.83 2.87
2.99 2.31
3.14 2.90
2.28 3.39
3.19 4.46
3.37 3.37
2.88 2.23
2.16 3.24
4.08 3.27
3.67 2.65
3.22 2.81
2.44 3.53
2.80 0.73
4.37 2.79
3.27 2.68
3.11 2.82
2.96 2.69
2.22 2.68
3.21 2.86
4.13 5.19
2.47 2.38
2.26 2.31
2.92 3.24
8.03 7.96
7.91 8.73
8.08 8.62
7.95 7.35
7.16 8.85
7.71 8.34
8.00 7.63
8.33 7.40
8.65 8.90
9.29 8.48
8.66 8.56
7.29 7.92
8.30 7.19
7.84 7.00
7.81 8.16
8.24 8.48
8.69 7.85
8.68 8.73
7.89 8.08
8.64 7.95
7.49 7.64
7.55 7.23
8.87 6.53
7.93 8.09
8.15 7.85
6.92 7.62
7.27 8.49
7.72 8.34
7.96 7.60
7.48 7.02
7.43 7.57
7.92 8.29
8.16 8.61
8.03 8.72
7.87 7.79
8.58 8.23
8.10 7.68
7.89 7.38
7.86 8.14
9.13 7.69
7.70 8.16
8.10 8.01
8.08 6.55
8.93 8.44
7.70 7.54
7.51 6.81
7.82 8.84
6.89 6.77
7.98 7.05
7.80 7.47
3.24 3.93
3.78 3.74
3.74 3.82
4.01 4.92
3.73 4.00
2.84 4.13
4.06 3.54
4.26 3.80
3.81 3.20
4.62 3.35
4.08 4.08
4.51 4.52
3.04 4.91
4.41 3.33
3.30 3.71
3.62 4.68
4.72 4.15
4.73 4.08
4.94 4.86
3.10 4.59
4.26 3.84
4.59 3.68
3.60 4.40
3.93 4.07
4.81 3.65
4.17 4.54
3.18 4.07
3.88 4.32
4.19 4.02
3.42 4.65
5.06 4.35
4.60 4.03
3.72 4.13
2.90 5.17
4.66 2.70
3.07 4.41
3.89 3.98
2.87 4.09
4.13 4.45
2.96 4.72
3.25 4.04
5.07 4.94
4.27 4.75
3.19 4.58
4.65 3.27
4.10 6.02
4.68 4.88
4.43 3.18
2.66 3.94
3.28 2.98