2.23 1.40
1.57 1.56
2.15 2.04
0.57 1.31
1.65 1.85
1.64 2.46
2.92 2.71
2.27 2.77
2.84 2.39
3.41 1.82
2.25 1.68
1.55 1.31
1.46 1.09
1.79 1.50
3.10 2.37
0.63 2.83
1.62 0.88
2.38 2.87
2.21 2.29
1.44 1.89
1.93 1.84
2.52 1.45
1.77 1.68
2.29 2.89
3.26 3.48
1.29 1.48
3.37 2.27
1.61 2.99
0.90 1.67
1.34 2.79
3.38 2.52
3.06 3.11
2.49 1.64
2.64 2.23
1.21 1.61
3.06 1.19
2.23 1.46
2.40 1.30
1.11 2.16
1.37 2.93
2.37 1.76
1.75 0.59
1.99 3.54
2.22 1.28
2.24 2.52
1.06 2.37
3.01 2.16
1.79 1.28
2.05 1.29
1.77 1.71
2.64 3.91
3.46 5.69
4.05 4.27
4.28 3.92
2.71 5.48
4.25 3.44
3.84 5.13
4.11 4.13
3.76 2.92
3.50 3.39
4.05 4.11
3.87 4.52
3.75 4.17
3.39 3.31
3.79 4.58
4.14 4.21
3.50 3.51
4.41 4.31
3.06 2.94
4.72 3.98
3.89 4.27
3.92 4.15
4.33 2.86
4.01 3.97
4.29 4.22
3.12 4.09
3.29 3.75
4.07 4.68
4.33 4.19
2.99 4.08
4.83 2.50
4.33 2.26
3.78 4.28
2.79 4.54
4.14 4.68
4.34 3.68
4.23 3.99
2.66 4.24
4.24 4.30
4.08 3.92
2.10 5.09
3.35 3.49
4.59 3.60
3.29 4.45
3.82 3.21
5.17 3.78
3.45 3.04
3.77 5.10
4.44 3.27
3.86 4.61
2.97 3.33
2.70 3.05
1.79 3.71
2.30 2.80
3.12 3.63
2.43 3.02
2.58 2.23
2.97 2.88
2.97 2.27
2.64 3.24
3.49 2.81
4.41 2.28
2.05 4.16
2.34 2.87
2.30 2.17
2.45 2.88
2.68 3.61
2.70 3.90
2.42 1.90
3.21 3.93
2.84 3.87
2.83 2.55
2.12 3.76
2.08 2.77
2.45 2.45
2.80 3.10
3.17 2.40
3.24 3.36
2.90 2.84
2.14 3.22
4.16 3.53
2.92 3.41
3.13 3.41
3.09 3.01
4.12 3.09
3.45 3.55
3.94 2.89
3.44 3.05
2.66 2.93
3.43 2.47
4.12 4.33
2.48 2.75
3.33 3.28
3.98 2.95
4.13 2.41
3.06 3.23
2.32 3.04
2.81 3.61
3.39 4.31
3.70 3.07
9.10 7.91
7.42 8.20
7.20 8.62
7.33 7.56
6.59 7.33
8.18 8.85
8.78 6.86
7.75 7.99
7.99 8.15
8.13 7.63
7.83 7.51
7.52 8.66
7.15 7.74
7.16 8.46
7.23 6.80
7.09 8.39
9.51 7.59
8.58 9.14
8.86 9.14
7.58 8.74
7.83 6.95
7.75 8.25
9.30 8.63
8.18 8.70
7.64 7.07
7.51 7.16
8.69 7.90
7.16 7.85
7.40 7.78
9.01 9.05
7.47 7.74
8.30 8.08
7.64 8.72
7.00 9.80
7.75 8.28
7.50 7.28
8.80 8.03
8.16 8.09
8.49 9.23
8.47 8.49
8.88 8.64
7.19 7.81
6.85 8.41
9.35 9.12
8.65 7.34
7.48 8.13
7.91 8.61
8.93 7.82
7.95 8.77
8.35 6.81