0.16008 0.84094 0
0.17376 0.70830 0
0.31436 0.79138 0
0.18448 0.60757 0
0.23178 0.71079 0
0.12467 0.72014 0
0.24035 0.39661 0
0.19710 0.84408 0
0.12529 0.79142 0
0.18121 0.68880 0
0.25807 0.72783 0
0.13958 0.88917 0
0.23555 0.67052 0
0.14286 0.79991 0
0.26245 0.77911 0
0.25389 0.69690 0
0.16749 0.75603 0
0.16682 0.79095 0
0.13013 0.76556 0
0.05582 0.67575 0
0.33526 0.79233 0
0.15770 0.76883 0
0.17023 0.87740 0
0.21398 0.63833 0
0.22755 0.73579 0
0.23717 0.76481 0
0.21433 0.78127 0
0.02695 0.63552 0
0.17549 0.64587 0
0.20899 0.83438 0
0.04274 0.61842 0
0.12354 0.66879 0
0.24226 0.74407 0
0.26928 0.74357 0
0.13386 0.94526 0
0.31944 0.89459 0
0.34239 0.57714 0
0.22259 0.82596 0
0.17526 0.75853 0
0.16723 0.78546 0
0.22716 0.85327 0
0.09708 0.75239 0
0.13295 0.75500 0
0.17427 0.78102 0
0.23373 0.61283 0
0.00000 0.76910 0
0.13011 0.74734 0
0.16222 0.81109 0
0.17146 0.83101 0
0.26856 0.86950 0
0.20183 0.74028 0
0.10155 0.55165 0
0.10384 0.67787 0
0.22694 0.83732 0
0.19024 0.70383 0
0.21864 0.60546 0
0.08016 0.55495 0
0.16807 0.63512 0
0.12193 0.67174 0
0.14225 0.69760 0
0.15833 0.72285 0
0.23160 0.74673 0
0.15344 0.76571 0
0.28361 0.68190 0
0.04997 0.61459 0
0.33481 0.80706 0
0.19311 0.81016 0
0.26294 0.74321 0
0.28616 0.65335 0
0.22484 0.66258 0
0.14375 0.56081 0
0.24944 0.82683 0
0.19875 0.82841 0
0.22266 0.68723 0
0.13866 0.72945 0
0.17086 0.74408 0
0.19572 0.77800 0
0.20183 0.84872 0
0.12774 0.59695 0
0.15711 0.73679 0
0.06024 0.68231 0
0.18807 0.82175 0
0.25281 0.57279 0
0.16615 0.86414 0
0.25134 0.74876 0
0.12771 0.87951 0
0.23694 0.75197 0
0.10447 0.75020 0
0.21098 0.78048 0
0.16387 0.82213 0
0.07330 0.71464 0
0.20633 0.74303 0
0.20255 0.49796 0
0.22602 0.82590 0
0.19282 0.69632 0
0.18510 0.78082 0
0.19323 0.71063 0
0.17837 0.61434 0
0.10839 0.81462 0
0.20652 0.80940 0
0.62892 0.59945 1
0.73081 0.37377 1
0.63993 0.62585 1
0.73925 0.54056 1
0.57094 0.09385 1
0.47035 0.52938 1
0.79001 0.54809 1
0.70757 0.94094 1
0.83197 0.89163 1
0.62818 0.30046 1
0.81629 0.46993 1
0.87758 0.71870 1
0.97473 0.86298 1
0.74064 0.42045 1
0.80984 0.43598 1
0.81299 0.68315 1
0.80544 0.22160 1
0.73907 0.87231 1
0.79384 0.39463 1
0.79109 0.52228 1
0.87520 0.65755 1
0.74358 0.48021 1
0.71542 0.56245 1
0.69811 0.48858 1
0.69120 0.49747 1
0.87124 0.61474 1
0.74706 0.60559 1
0.83637 0.36536 1
0.74473 0.60938 1
0.56832 0.58451 1
0.70276 0.63917 1
0.75473 0.70163 1
0.83883 0.78955 1
0.73295 0.66668 1
0.74348 0.43109 1
0.78341 0.27592 1
0.75276 0.69978 1
0.88480 0.69324 1
0.64695 0.53414 1
0.79568 0.41567 1
0.71315 0.32372 1
0.72975 0.61646 1
0.64880 0.60902 1
0.79693 0.53956 1
0.94327 0.84177 1
0.82528 0.63841 1
0.73322 0.60929 1
0.81149 0.43064 1
0.71207 0.26222 1
0.64740 0.22166 1
0.74624 0.00000 1
0.76216 0.84627 1
0.87293 0.63868 1
0.87799 0.65844 1
0.69330 0.40450 1
0.74805 0.38410 1
0.75122 0.40690 1
0.82552 0.76659 1
1.00000 0.53998 1
0.88237 0.19876 1
0.88303 0.84144 1
0.73777 0.29926 1
0.71863 0.22613 1
0.77853 0.67457 1
0.80435 0.63753 1
0.65899 0.69529 1
0.71487 0.66728 1
0.84901 0.38705 1
0.67767 0.84083 1
0.63861 0.86818 1
0.72786 0.65840 1
0.81309 0.49161 1
0.69363 0.71012 1
0.76030 0.73467 1
0.86002 0.76193 1
0.73679 0.31330 1
0.59451 0.46352 1
0.83863 0.70035 1
0.68362 0.45975 1
0.72012 0.35055 1
0.79232 0.32872 1
0.76181 0.88954 1
0.75518 0.38905 1
0.61624 0.51609 1
0.62087 0.37213 1
0.88086 0.66748 1
0.76146 0.49074 1
0.91960 0.68282 1
0.86842 0.21703 1
0.87710 0.33019 1
0.77879 0.67581 1
0.79569 0.60188 1
0.76400 0.91709 1
0.73522 0.40915 1
0.65510 0.41543 1
0.73531 0.59706 1
0.75571 0.58140 1
0.86062 1.00000 1
0.82871 0.37054 1
0.71864 0.78491 1