0.41692	0.00959492	0
0.428209	0.0192928	0
0.432617	0.0934472	0
0.440767	0.028767	0
0.441851	0.00673128	0
0.357547	-0.00461666	0
0.460972	0.11507	0
0.422729	-0.00436882	0
0.414044	-0.00117213	0
0.432499	0.048641	0
0.470995	0.0373897	0
0.441045	0.0119269	0
0.377186	0.0747116	0
0.432446	0.0271142	0
0.48178	0.00808571	0
0.437339	0.0690593	0
0.454739	-0.00709264	0
0.480129	0.0165903	0
0.404945	0.0424864	0
0.411372	0.0714094	0
0.399834	0.135967	0
0.381824	0.0387387	0
0.467523	0.0397299	0
0.39624	0.048424	0
0.462133	0.0972834	0
0.391905	0.0883667	0
0.451526	0.0866878	0
0.431399	0.0685399	0
0.395813	0.0952499	0
0.426738	0.0521365	0
0.455374	0.0898739	0
0.367409	0.0656664	0
0.421754	0.0946472	0
0.458387	0.114282	0
0.440695	0.0616386	0
0.374294	0.156876	0
0.402399	0.0920135	0
0.38812	0.117683	0
0.448912	0.0703319	0
0.417027	0.147877	0
0.449774	0.072579	0
0.438646	0.18453	0
0.420813	0.114518	0
0.407716	0.0712924	0
0.435931	0.116464	0
0.424829	0.136629	0
0.402334	0.0935799	0
0.419491	0.087294	0
0.407318	0.140368	0
0.387747	0.106695	0
0.407189	0.120707	0
0.414928	0.143017	0
0.395322	0.12303	0
0.412265	0.123892	0
0.410136	0.149727	0
0.403279	0.161459	0
0.465541	0.173011	0
0.36717	0.167037	0
0.460363	0.24653	0
0.439894	0.14861	0
0.456343	0.138213	0
0.479921	0.148055	0
0.427658	0.211582	0
0.411492	0.146949	0
0.379419	0.151785	0
0.379555	0.187205	0
0.441303	0.177989	0
0.418432	0.150424	0
0.369061	0.191025	0
0.380139	0.205835	0
0.382801	0.189633	0
0.428496	0.257562	0
0.363915	0.178806	0
0.404305	0.177325	0
0.34911	0.198043	0
0.38278	0.204778	0
0.340594	0.205501	0
0.374413	0.225418	0
0.348365	0.195808	0
0.393912	0.209967	0
0.359024	0.185877	0
0.345259	0.244842	0
0.387137	0.234073	0
0.360887	0.219411	0
0.412876	0.209208	0
0.340195	0.267375	0
0.398583	0.184177	0
0.373379	0.231664	0
0.364907	0.258395	0
0.329515	0.251605	0
0.35349	0.200233	0
0.319815	0.233976	0
0.389221	0.272676	0
0.360849	0.250885	0
0.396477	0.259558	0
0.361157	0.298674	0
0.39865	0.242494	0
0.323646	0.238096	0
0.354629	0.320242	0
0.372348	0.256796	0
0.356058	0.266058	0
0.395734	0.262597	0
0.387136	0.262256	0
0.335937	0.298507	0
0.306646	0.261597	0
0.342544	0.238199	0
0.350397	0.216907	0
0.335218	0.267257	0
0.343169	0.289469	0
0.328856	0.257659	0
0.364956	0.273079	0
0.356816	0.274621	0
0.324142	0.317371	0
0.34658	0.307978	0
0.312941	0.256345	0
0.306068	0.272817	0
0.316988	0.29285	0
0.324887	0.298335	0
0.326774	0.311733	0
0.301427	0.303159	0
0.333432	0.316892	0
0.283772	0.322031	0
0.296432	0.253785	0
0.316435	0.316215	0
0.303422	0.278763	0
0.282519	0.398465	0
0.3281	0.344651	0
0.323419	0.355875	0
0.310733	0.303916	0
0.342698	0.323312	0
0.286587	0.328644	0
0.270865	0.392967	0
0.276639	0.367622	0
0.286303	0.333722	0
0.312382	0.36322	0
0.265548	0.301645	0
0.290912	0.3712	0
0.274435	0.303195	0
0.296321	0.332405	0
0.29416	0.375689	0
0.286346	0.293654	0
0.333761	0.332687	0
0.25667	0.315794	0
0.225518	0.308155	0
0.244454	0.383282	0
0.224704	0.338952	0
0.233303	0.361673	0
0.286409	0.361723	0
0.245522	0.357936	0
0.249991	0.331937	0
0.24929	0.368863	0
0.323105	0.292508	0
0.2334	0.374169	0
0.240685	0.365462	0
0.250224	0.372494	0
0.278794	0.374564	0
0.239355	0.355334	0
0.229108	0.328106	0
0.224644	0.405542	0
0.24957	0.397602	0
0.218088	0.408098	0
0.259249	0.329731	0
0.202292	0.37143	0
0.267194	0.380144	0
0.202945	0.387452	0
0.212234	0.406471	0
0.214382	0.333768	0
0.232183	0.389416	0
0.234597	0.368155	0
0.261861	0.368278	0
0.191239	0.394591	0
0.133937	0.370227	0
0.180521	0.394887	0
0.192165	0.383855	0
0.192749	0.388372	0
0.204772	0.36898	0
0.178142	0.370415	0
0.19154	0.412005	0
0.183037	0.378305	0
0.222031	0.451322	0
0.243665	0.360701	0
0.139568	0.429789	0
0.224112	0.375178	0
0.155726	0.371073	0
0.164774	0.455009	0
0.169192	0.412565	0
0.128063	0.371268	0
0.148107	0.393226	0
0.210154	0.385622	0
0.17761	0.450343	0
0.107692	0.343366	0
0.17476	0.433011	0
0.142045	0.402855	0
0.1368	0.414836	0
0.141983	0.438944	0
0.115487	0.380646	0
0.161672	0.426738	0
0.134916	0.400259	0
0.132282	0.413429	0
0.116025	0.442972	0
0.136933	0.396134	0
0.109242	0.464005	0
0.131614	0.41453	0
0.134094	0.441317	0
0.15922	0.447088	0
0.0868711	0.422112	0
0.0254155	0.371107	0
0.065898	0.428352	0
0.119566	0.462836	0
0.0849033	0.407014	0
0.114773	0.434865	0
0.0811254	0.448461	0
0.0741711	0.43277	0
0.12683	0.427884	0
0.126174	0.420797	0
0.104487	0.471434	0
0.0655767	0.402493	0
0.104894	0.451845	0
0.0756695	0.45928	0
0.10271	0.448373	0
0.0861482	0.442968	0
0.0836583	0.443194	0
0.122236	0.42134	0
0.0965119	0.434659	0
0.0647654	0.486756	0
0.10089	0.464057	0
0.0848986	0.428765	0
0.0696335	0.443607	0
0.0681621	0.43006	0
0.102839	0.425401	0
0.0706917	0.456318	0
0.113079	0.396997	0
0.0559564	0.433157	0
0.0739249	0.408713	0
0.0156241	0.437394	0
0.0872282	0.448448	0
0.0270879	0.439049	0
0.0618522	0.399915	0
0.0276848	0.464692	0
0.00214988	0.391942	0
0.010768	0.476857	0
0.0174609	0.400073	0
0.0389494	0.431099	0
0.0331314	0.456867	0
0.068404	0.449204	0
0.0101982	0.438606	0
0.0229008	0.466026	0
0.0318324	0.432412	0
-0.0078251	0.393075	0
-0.0340904	0.473585	0
0.0205017	0.425208	0
0.0171826	0.42549	0
-0.0119824	0.435009	0
-0.0157828	0.44821	0
-0.0278417	0.435311	0
-0.0518983	0.46423	0
0.00430067	0.446022	0
-0.00700046	0.435975	0
-0.00538504	0.451526	0
-0.0664294	0.461244	0
-0.0774584	0.426454	0
-0.0166525	0.424108	0
-0.0355247	0.440189	0
-0.0351869	0.419687	0
-0.0543366	0.434252	0
-0.0357967	0.418156	0
-0.034325	0.452729	0
-0.0369128	0.398041	0
-0.0813095	0.494902	0
-0.0387914	0.447231	0
-0.0170447	0.387274	0
-0.00921376	0.450154	0
-0.0748841	0.442922	0
-0.0831251	0.421912	0
-0.0596743	0.449185	0
-0.0459091	0.426051	0
-0.06305	0.422896	0
-0.0933246	0.448049	0
-0.0548402	0.416896	0
-0.100094	0.418798	0
-0.105263	0.453944	0
-0.0764725	0.4255	0
-0.0871561	0.420648	0
-0.0860582	0.435115	0
-0.133902	0.458358	0
-0.0697875	0.445657	0
-0.0957375	0.425658	0
-0.0980449	0.403016	0
-0.153412	0.45866	0
-0.0974358	0.438094	0
-0.129142	0.463512	0
-0.112263	0.502016	0
-0.102653	0.442867	0
-0.132951	0.427611	0
-0.0758392	0.334018	0
-0.111992	0.438449	0
-0.119596	0.418051	0
-0.0891306	0.433633	0
-0.137434	0.456781	0
-0.11327	0.478135	0
-0.125489	0.455727	0
-0.136652	0.446088	0
-0.137624	0.435299	0
-0.118473	0.424536	0
-0.165851	0.472805	0
-0.155346	0.413691	0
-0.155589	0.468198	0
-0.200047	0.427836	0
-0.0982013	0.390758	0
-0.176282	0.404796	0
-0.161809	0.453859	0
-0.155525	0.43847	0
-0.151194	0.382019	0
-0.179307	0.378652	0
-0.163365	0.408417	0
-0.137674	0.415808	0
-0.118629	0.397904	0
-0.168526	0.410595	0
-0.216173	0.431461	0
-0.185115	0.397764	0
-0.187105	0.381261	0
-0.174505	0.436965	0
-0.237669	0.369034	0
-0.240615	0.403861	0
-0.177387	0.42038	0
-0.153856	0.370473	0
-0.148578	0.364401	0
-0.221154	0.416506	0
-0.235114	0.41535	0
-0.2402	0.374948	0
-0.164082	0.394213	0
-0.223438	0.361575	0
-0.212981	0.421451	0
-0.236454	0.402401	0
-0.175733	0.374644	0
-0.210359	0.339843	0
-0.234067	0.428204	0
-0.197258	0.38746	0
-0.218483	0.416551	0
-0.226892	0.35441	0
-0.200707	0.352151	0
-0.262678	0.344822	0
-0.233197	0.364229	0
-0.24185	0.390966	0
-0.239515	0.405232	0
-0.268854	0.399757	0
-0.208877	0.371501	0
-0.235527	0.434391	0
-0.253677	0.342405	0
-0.255199	0.36849	0
-0.256795	0.315503	0
-0.232873	0.393312	0
-0.265813	0.351845	0
-0.310041	0.379248	0
-0.266943	0.357681	0
-0.263535	0.393382	0
-0.276238	0.409623	0
-0.234702	0.352185	0
-0.276192	0.350791	0
-0.215365	0.307699	0
-0.284202	0.383344	0
-0.261517	0.321485	0
-0.33343	0.339235	0
-0.311996	0.377856	0
-0.2944	0.359609	0
-0.275051	0.313387	0
-0.257428	0.355538	0
-0.341867	0.341021	0
-0.311479	0.320599	0
-0.286794	0.280852	0
-0.296832	0.318381	0
-0.294705	0.25417	0
-0.328811	0.285587	0
-0.272971	0.321121	0
-0.296632	0.318916	0
-0.295716	0.358077	0
-0.335852	0.368908	0
-0.303303	0.306261	0
-0.285234	0.334721	0
-0.308425	0.288944	0
-0.315639	0.304731	0
-0.332872	0.330094	0
-0.360304	0.279361	0
-0.349229	0.290042	0
-0.349705	0.297191	0
-0.349899	0.30753	0
-0.299172	0.309119	0
-0.358649	0.295337	0
-0.366228	0.318248	0
-0.306375	0.34055	0
-0.339571	0.267484	0
-0.343091	0.279239	0
-0.379896	0.298426	0
-0.308786	0.230756	0
-0.33988	0.31367	0
-0.353854	0.301365	0
-0.347498	0.235667	0
-0.370158	0.24734	0
-0.342348	0.236809	0
-0.325066	0.272836	0
-0.349415	0.280728	0
-0.38073	0.196933	0
-0.408642	0.262473	0
-0.349119	0.273128	0
-0.357067	0.247516	0
-0.361854	0.220706	0
-0.350102	0.272411	0
-0.369223	0.199007	0
-0.33854	0.209205	0
-0.342781	0.270523	0
-0.420288	0.286746	0
-0.367976	0.300366	0
-0.345275	0.226797	0
-0.365007	0.185966	0
-0.388013	0.25072	0
-0.37895	0.26159	0
-0.37246	0.203804	0
-0.392703	0.193574	0
-0.391049	0.233713	0
-0.381606	0.276664	0
-0.355213	0.210853	0
-0.387933	0.241033	0
-0.393072	0.205003	0
-0.422	0.212049	0
-0.393032	0.174294	0
-0.442623	0.193609	0
-0.441445	0.236951	0
-0.422573	0.175938	0
-0.384084	0.182946	0
-0.35901	0.201831	0
-0.375853	0.220031	0
-0.400426	0.240728	0
-0.43749	0.187508	0
-0.418064	0.188489	0
-0.355674	0.163016	0
-0.420724	0.203853	0
-0.376513	0.198167	0
-0.435748	0.169833	0
-0.358885	0.155168	0
-0.383568	0.152976	0
-0.425018	0.183342	0
-0.430447	0.212143	0
-0.389278	0.159748	0
-0.416602	0.178801	0
-0.425969	0.190117	0
-0.440908	0.133479	0
-0.446319	0.177131	0
-0.366876	0.0981944	0
-0.42774	0.100769	0
-0.412365	0.145018	0
-0.395474	0.125094	0
-0.406712	0.141272	0
-0.449388	0.130691	0
-0.419751	0.110882	0
-0.396288	0.128205	0
-0.368625	0.103417	0
-0.462388	0.109456	0
-0.45904	0.14487	0
-0.438735	0.11704	0
-0.428235	0.0942671	0
-0.405077	0.0849977	0
-0.41667	0.0648123	0
-0.386495	0.144311	0
-0.472889	0.0983121	0
-0.452672	0.097876	0
-0.424346	0.0861349	0
-0.480784	0.0533297	0
-0.380558	0.0719607	0
-0.438859	0.0698835	0
-0.464677	0.077378	0
-0.406036	0.0569217	0
-0.42539	0.0899743	0
-0.41702	0.0210725	0
-0.472546	0.0873286	0
-0.457512	0.0762383	0
-0.377332	0.0576621	0
-0.431456	0.0424173	0
-0.455643	0.0618875	0
-0.437776	0.0565184	0
-0.425566	0.0695683	0
-0.475256	0.073695	0
-0.459377	0.0617565	0
-0.441738	0.0321551	0
-0.435951	0.0315657	0
-0.401098	0.0419727	0
-0.425448	-0.0038742	0
-0.468328	0.0278866	0
-0.470137	0.00974045	0
-0.423048	0.0369887	0
-0.40239	0.00494842	0
-0.459754	0.0765857	0
-0.428213	0.0728883	0
-0.456686	0.0372671	0
-0.392866	-0.0191812	0
-0.487547	-0.0360899	0
-0.436413	0.0302817	0
-0.432611	0.0474696	0
-0.429283	-0.00333579	0
-0.43935	0.0355046	0
-0.391815	0.0510834	0
-0.448139	0.0356785	0
-0.435857	0.0256784	0
-0.429292	-0.00171211	0
-0.408262	-0.0164047	0
-0.510752	-0.0159661	0
-0.379906	0.034653	0
-0.439275	-0.0364398	0
-0.44648	-0.0493953	0
-0.466051	-0.0174273	0
-0.420169	0.0146449	0
-0.435635	-0.0177846	0
-0.414264	-0.00154984	0
-0.426225	-0.085813	0
-0.426581	-0.093262	0
-0.470563	-0.0335845	0
-0.423087	-0.0210105	0
-0.494889	-0.0373787	0
-0.419811	-0.0145964	0
-0.447986	0.00263376	0
-0.443289	-0.0334883	0
-0.421239	-0.0582261	0
-0.415775	-0.0451742	0
-0.406373	-0.0478516	0
-0.399896	-0.0715826	0
-0.469733	-0.0634266	0
-0.42656	-0.0536292	0
-0.393729	-0.0641993	0
-0.4258	-0.0459644	0
-0.47987	-0.0806692	0
-0.465608	-0.0815874	0
-0.433946	-0.0979616	0
-0.433805	-0.0957219	0
-0.409982	-0.111803	0
-0.390823	-0.128531	0
-0.441739	-0.0508201	0
-0.411079	-0.0943228	0
-0.429946	-0.0864752	0
-0.410317	-0.088174	0
-0.412332	-0.0999068	0
-0.40282	-0.181505	0
-0.415749	-0.0913154	0
-0.414657	-0.106499	0
-0.418329	-0.0902851	0
-0.450911	-0.102941	0
-0.43252	-0.121197	0
-0.458975	-0.101613	0
-0.437995	-0.10767	0
-0.388835	-0.161432	0
-0.425982	-0.197403	0
-0.379563	-0.148997	0
-0.406498	-0.115001	0
-0.413415	-0.120586	0
-0.414888	-0.172651	0
-0.387795	-0.148577	0
-0.395384	-0.183796	0
-0.358101	-0.19974	0
-0.382418	-0.142256	0
-0.348572	-0.138332	0
-0.409938	-0.219208	0
-0.361653	-0.180869	0
-0.406985	-0.195081	0
-0.390877	-0.174463	0
-0.415057	-0.17449	0
-0.403597	-0.116402	0
-0.369774	-0.1798	0
-0.389025	-0.197687	0
-0.342239	-0.190758	0
-0.387668	-0.139562	0
-0.391609	-0.177509	0
-0.41407	-0.229054	0
-0.41664	-0.170607	0
-0.38707	-0.168583	0
-0.389872	-0.210516	0
-0.343023	-0.191257	0
-0.404034	-0.153511	0
-0.415854	-0.22006	0
-0.355273	-0.200529	0
-0.4102	-0.261565	0
-0.41567	-0.204032	0
-0.384372	-0.210801	0
-0.33013	-0.250745	0
-0.381643	-0.219576	0
-0.386615	-0.241789	0
-0.311898	-0.17915	0
-0.355206	-0.248258	0
-0.375455	-0.223995	0
-0.368169	-0.230468	0
-0.39494	-0.266555	0
-0.357668	-0.22367	0
-0.382823	-0.290031	0
-0.376888	-0.247715	0
-0.370765	-0.253575	0
-0.342499	-0.232334	0
-0.370612	-0.218706	0
-0.370062	-0.22798	0
-0.364307	-0.25462	0
-0.344117	-0.255982	0
-0.345924	-0.276186	0
-0.321194	-0.242319	0
-0.429733	-0.22567	0
-0.307057	-0.214863	0
-0.337299	-0.271272	0
-0.32591	-0.281746	0
-0.368852	-0.258479	0
-0.31657	-0.217974	0
-0.378125	-0.236678	0
-0.349354	-0.268206	0
-0.284713	-0.247677	0
-0.302969	-0.242579	0
-0.26898	-0.296903	0
-0.376612	-0.247622	0
-0.314472	-0.335532	0
-0.331832	-0.287465	0
-0.311951	-0.225031	0
-0.285268	-0.308842	0
-0.34456	-0.316663	0
-0.383055	-0.286479	0
-0.292667	-0.304204	0
-0.285977	-0.322083	0
-0.308495	-0.299849	0
-0.309659	-0.281616	0
-0.27614	-0.32032	0
-0.373878	-0.302994	0
-0.31327	-0.28904	0
-0.322113	-0.328092	0
-0.313277	-0.287347	0
-0.298177	-0.320397	0
-0.300654	-0.296729	0
-0.278739	-0.384842	0
-0.322612	-0.302221	0
-0.28495	-0.310687	0
-0.279767	-0.334092	0
-0.300711	-0.36338	0
-0.338515	-0.349188	0
-0.260254	-0.330283	0
-0.319194	-0.316376	0
-0.312161	-0.310294	0
-0.305105	-0.322129	0
-0.251836	-0.366829	0
-0.320325	-0.371636	0
-0.280027	-0.362676	0
-0.280344	-0.303544	0
-0.283193	-0.321037	0
-0.255289	-0.315672	0
-0.24454	-0.302579	0
-0.250712	-0.317489	0
-0.231551	-0.372243	0
-0.272204	-0.304114	0
-0.273533	-0.370917	0
-0.25336	-0.386033	0
-0.231045	-0.382942	0
-0.283308	-0.346176	0
-0.259041	-0.385823	0
-0.270358	-0.316721	0
-0.260711	-0.406104	0
-0.212623	-0.339536	0
-0.248064	-0.382967	0
-0.213884	-0.361464	0
-0.213083	-0.324197	0
-0.24033	-0.367542	0
-0.225189	-0.369685	0
-0.258549	-0.376881	0
-0.250839	-0.388872	0
-0.29724	-0.342339	0
-0.194811	-0.33884	0
-0.202732	-0.3885	0
-0.235597	-0.382787	0
-0.228883	-0.374733	0
-0.233312	-0.387706	0
-0.213781	-0.363496	0
-0.23594	-0.38702	0
-0.192872	-0.410576	0
-0.228197	-0.391612	0
-0.257518	-0.376536	0
-0.202584	-0.386844	0
-0.190039	-0.406445	0
-0.199554	-0.372353	0
-0.226963	-0.421823	0
-0.231923	-0.416983	0
-0.158635	-0.430806	0
-0.178075	-0.367787	0
-0.215049	-0.441049	0
-0.204502	-0.39228	0
-0.239021	-0.385142	0
-0.173272	-0.416756	0
-0.126886	-0.485235	0
-0.149847	-0.417648	0
-0.19517	-0.427305	0
-0.170132	-0.486195	0
-0.139281	-0.389335	0
-0.0982919	-0.394194	0
-0.181302	-0.451593	0
-0.178391	-0.430114	0
-0.121607	-0.393857	0
-0.14585	-0.461447	0
-0.176212	-0.427449	0
-0.153232	-0.424249	0
-0.144201	-0.38009	0
-0.136329	-0.424519	0
-0.155625	-0.426951	0
-0.161181	-0.430174	0
-0.134826	-0.438232	0
-0.147362	-0.408999	0
-0.129512	-0.420636	0
-0.119069	-0.415066	0
-0.16179	-0.390035	0
-0.0967488	-0.376319	0
-0.0813046	-0.403878	0
-0.110427	-0.427746	0
-0.0805218	-0.443133	0
-0.110635	-0.405888	0
-0.153041	-0.403858	0
-0.0847348	-0.414313	0
-0.0542659	-0.39975	0
-0.0809289	-0.43633	0
-0.11104	-0.449672	0
-0.0610156	-0.369219	0
-0.10826	-0.420691	0
-0.0830812	-0.450834	0
-0.129166	-0.40674	0
-0.0975519	-0.435871	0
-0.0681195	-0.427505	0
-0.028023	-0.411095	0
-0.0727439	-0.354424	0
-0.101108	-0.442832	0
-0.115677	-0.457977	0
-0.0436722	-0.462873	0
-0.10771	-0.456091	0
-0.0439165	-0.464281	0
-0.0547483	-0.453289	0
-0.033397	-0.430317	0
-0.0116616	-0.458026	0
-0.0372534	-0.460531	0
-0.0667753	-0.429157	0
-0.0846864	-0.452639	0
-0.000259015	-0.473326	0
-0.00629356	-0.447981	0
-0.0209933	-0.455345	0
-0.0408545	-0.472316	0
-0.0128616	-0.447942	0
-0.0238537	-0.438034	0
-0.00161753	-0.44289	0
-0.0252128	-0.39393	0
-0.0445273	-0.453702	0
-0.0259204	-0.457698	0
-0.0186757	-0.434734	0
0.0124755	-0.444046	0
-0.0188189	-0.385983	0
-0.0306877	-0.473019	0
-0.00926914	-0.433576	0
-0.0155076	-0.441293	0
0.0110217	-0.497984	0
-0.0183323	-0.392776	0
0.0343913	-0.396584	0
0.0152708	-0.456034	0
-0.0311171	-0.45564	0
0.01285	-0.416857	0
0.060228	-0.433492	0
0.0188181	-0.421978	0
0.0597097	-0.436219	0
0.0140121	-0.4298	0
-0.00784381	-0.451509	0
-0.0110046	-0.47409	0
0.0331943	-0.447706	0
0.051195	-0.458833	0
0.00817695	-0.446355	0
0.0422496	-0.434787	0
0.0233905	-0.471757	0
0.0377279	-0.420118	0
0.0761502	-0.434746	0
0.00522485	-0.416975	0
0.0425008	-0.424806	0
0.0669834	-0.447926	0
0.108426	-0.394104	0
0.0908794	-0.440042	0
0.0656127	-0.44763	0
0.0910924	-0.38192	0
0.0752561	-0.426961	0
0.103784	-0.440602	0
0.0607772	-0.431492	0
0.0862511	-0.425553	0
0.0601304	-0.42944	0
0.0386229	-0.376492	0
0.125068	-0.423851	0
0.114774	-0.434991	0
0.119478	-0.424828	0
0.108869	-0.399077	0
0.106295	-0.411757	0
0.122588	-0.368991	0
0.0767343	-0.385165	0
0.11071	-0.441739	0
0.13843	-0.394375	0
0.125861	-0.413399	0
0.177846	-0.414639	0
0.089506	-0.435338	0
0.149881	-0.435825	0
0.149254	-0.444648	0
0.141008	-0.437509	0
0.17046	-0.420355	0
0.146639	-0.398949	0
0.113765	-0.429022	0
0.125498	-0.423089	0
0.0858032	-0.387259	0
0.16519	-0.401233	0
0.167622	-0.425001	0
0.152328	-0.445951	0
0.116025	-0.418713	0
0.184598	-0.408249	0
0.121201	-0.419889	0
0.200684	-0.411737	0
0.141695	-0.45097	0
0.195894	-0.313782	0
0.128653	-0.371289	0
0.111809	-0.386106	0
0.139743	-0.392804	0
0.172446	-0.456163	0
0.179984	-0.421654	0
0.203995	-0.402452	0
0.179442	-0.37509	0
0.231494	-0.429925	0
0.183221	-0.426663	0
0.212619	-0.420594	0
0.22335	-0.385432	0
0.216574	-0.447541	0
0.202872	-0.360678	0
0.283901	-0.33644	0
0.184272	-0.43679	0
0.173262	-0.364583	0
0.198967	-0.400952	0
0.213362	-0.368804	0
0.177832	-0.407708	0
0.197448	-0.395935	0
0.236623	-0.37323	0
0.244182	-0.43497	0
0.204951	-0.416877	0
0.21675	-0.357492	0
0.241718	-0.368479	0
0.208804	-0.378256	0
0.230135	-0.361506	0
0.284317	-0.369592	0
0.258571	-0.360603	0
0.240441	-0.370269	0
0.243393	-0.367201	0
0.293387	-0.364831	0
0.213312	-0.391398	0
0.241944	-0.326495	0
0.303442	-0.352822	0
0.233088	-0.35789	0
0.298461	-0.387857	0
0.28028	-0.366404	0
0.283758	-0.327332	0
0.217083	-0.340918	0
0.234837	-0.327797	0
0.302536	-0.386855	0
0.234993	-0.329083	0
0.252142	-0.301358	0
0.263199	-0.324136	0
0.297278	-0.325106	0
0.271719	-0.373175	0
0.297499	-0.37088	0
0.29276	-0.352917	0
0.29437	-0.299931	0
0.300888	-0.321241	0
0.292994	-0.309434	0
0.323449	-0.362873	0
0.28256	-0.336998	0
0.365636	-0.293099	0
0.266375	-0.33024	0
0.299077	-0.344665	0
0.273226	-0.333494	0
0.344183	-0.373706	0
0.24745	-0.302632	0
0.343028	-0.36695	0
0.251369	-0.343601	0
0.276127	-0.273728	0
0.30336	-0.339816	0
0.296117	-0.304642	0
0.264858	-0.332216	0
0.356676	-0.328095	0
0.340205	-0.266869	0
0.285796	-0.327739	0
0.333656	-0.321526	0
0.338622	-0.323394	0
0.302068	-0.282254	0
0.361734	-0.288476	0
0.323761	-0.322962	0
0.339117	-0.340707	0
0.391194	-0.323873	0
0.373299	-0.337844	0
0.346552	-0.289841	0
0.336577	-0.271329	0
0.38437	-0.267899	0
0.333506	-0.303931	0
0.376435	-0.251808	0
0.365811	-0.247961	0
0.290579	-0.298481	0
0.345553	-0.294111	0
0.325509	-0.271991	0
0.335128	-0.235467	0
0.358597	-0.286869	0
0.338266	-0.277499	0
0.373102	-0.23878	0
0.372099	-0.280101	0
0.374425	-0.257613	0
0.362054	-0.263378	0
0.320401	-0.280367	0
0.333934	-0.22603	0
0.36766	-0.246852	0
0.382842	-0.270106	0
0.296528	-0.216092	0
0.365003	-0.234405	0
0.354404	-0.211338	0
0.402032	-0.214922	0
0.33336	-0.215907	0
0.337638	-0.215555	0
0.427479	-0.238995	0
0.317278	-0.226178	0
0.376006	-0.215895	0
0.319323	-0.190266	0
0.369916	-0.175087	0
0.368956	-0.198445	0
0.339844	-0.21179	0
0.338369	-0.220445	0
0.326017	-0.213479	0
0.38389	-0.214705	0
0.346594	-0.167749	0
0.361255	-0.238131	0
0.351157	-0.183383	0
0.453777	-0.18529	0
0.339929	-0.145058	0
0.377635	-0.18523	0
0.402299	-0.168741	0
0.39363	-0.200577	0
0.384486	-0.168926	0
0.414948	-0.16224	0
0.382962	-0.218048	0
0.40051	-0.1552	0
0.403463	-0.160556	0
0.387045	-0.191794	0
0.416271	-0.142681	0
0.437749	-0.169499	0
0.455147	-0.146049	0
0.47489	-0.152514	0
0.379096	-0.173354	0
0.440754	-0.109439	0
0.406644	-0.17091	0
0.382025	-0.145942	0
0.362302	-0.119352	0
0.410433	-0.172873	0
0.408515	-0.115174	0
0.417473	-0.191485	0
0.433708	-0.142973	0
0.425883	-0.106866	0
0.401431	-0.160106	0
0.423557	-0.0912448	0
0.416823	-0.16916	0
0.401935	-0.0828174	0
0.431562	-0.150407	0
0.461804	-0.106088	0
0.474475	-0.111962	0
0.401553	-0.105934	0
0.435904	-0.06352	0
0.430359	-0.0582052	0
0.408739	-0.068788	0
0.422508	-0.0925028	0
0.409723	-0.122578	0
0.415291	-0.0852732	0
0.402019	-0.134771	0
0.437556	-0.067663	0
0.425793	-0.0618949	0
0.437296	-0.0113901	0
0.387191	-0.0636078	0
0.460785	-0.0638211	0
0.426287	-0.0272458	0
0.419431	-0.0691518	0
0.420767	-0.0685913	0
0.407321	-0.0967385	0
0.450014	-0.0452518	0
0.489248	-0.0868635	0
0.443495	-0.0899603	0
0.431123	-0.0687718	0
0.447365	-0.0315544	0
0.476693	-0.0418378	0
0.392426	-0.0243433	0
0.408426	-0.0944055	0
0.453612	-0.035686	0
0.442608	-0.0288024	0
0.451548	-0.0168046	0
0.453614	-0.0517835	0
0.374562	-0.0568555	0
0.427946	-0.00139335	0
0.448206	-0.0140488	0
0.466266	0.0358779	0
0.454222	-0.0439432	0
0.416046	-0.0572136	0
0.460663	0.0175537	0
0.447878	-0.0150175	0
0.417932	-0.00892385	0
0.485747	0.03633	0
0.386079	-0.0368026	0
-0.0216161	0.114888	1
-0.137114	-0.0366452	1
0.0329733	0.0937024	1
0.00413565	0.0327282	1
-0.0314121	-0.0557296	1
-0.0343659	0.0486634	1
0.0193971	0.0586236	1
0.0500946	0.0628924	1
-0.194072	-0.0244323	1
0.0688606	0.0251595	1
0.0217688	0.0342598	1
0.0262842	0.0200961	1
-0.0204332	0.0761718	1
0.0547533	0.0397495	1
-0.0491033	-0.0457788	1
0.0405224	-0.055364	1
0.128227	0.0235638	1
0.0695823	0.073194	1
0.0683997	0.0233141	1
0.0870106	-0.0554822	1
-0.0583182	-0.088971	1
-0.0205747	-0.0573616	1
-0.018491	0.0886796	1
0.0250944	-0.00305658	1
-0.0286272	0.0080964	1
-0.0835205	-0.0471753	1
0.0685055	0.00841444	1
-0.0240821	0.0215712	1
-0.0157996	-0.176158	1
0.0565676	-0.0273456	1
-0.0341157	0.0719175	1
-0.0227727	0.0494438	1
0.0740752	0.0160015	1
0.0640083	0.0266797	1
0.00342972	-0.0738287	1
0.079494	-0.0450666	1
0.00669187	-0.00504185	1
0.101235	-0.00322364	1
-0.0487417	0.0313912	1
-0.0941865	-0.0343065	1
-0.00281603	-0.00128434	1
0.176401	-0.0838153	1
0.00545372	0.0191628	1
-0.0169686	-0.00321588	1
0.00429977	-0.00910716	1
0.0346753	-0.0832328	1
-0.0761807	0.0789857	1
0.0204497	0.0692573	1
0.0226469	-0.0851105	1
-0.0390642	0.086889	1
-0.0712911	0.026471	1
0.0810074	0.037831	1
0.0170281	0.058861	1
-0.0924171	0.0570918	1
0.0949558	0.0809546	1
0.036853	0.11793	1
0.0320368	-0.0185305	1
0.0293762	0.0570885	1
-0.120912	0.0514452	1
-0.0761665	0.0437938	1
0.0370128	-0.047406	1
0.00243206	-0.0107882	1
0.0100039	0.0245428	1
0.0830601	-0.0870562	1
0.0261089	0.0185219	1
0.194566	-0.0109388	1
-0.0487744	0.0339118	1
-0.106078	0.0198807	1
-0.139732	-0.136238	1
-0.0115382	-0.0845244	1
0.00644171	0.0155563	1
-0.0120173	-0.0346722	1
-0.0297316	0.125151	1
0.0973196	-0.0745405	1
0.0167957	0.0926798	1
0.0624338	0.0129287	1
0.0288436	-0.0126636	1
0.0402357	0.0484712	1
0.0275064	0.043288	1
-0.0375443	-0.0968386	1
-0.0742222	0.0220999	1
-0.0544245	0.0324325	1
-0.0357571	-0.019843	1
-0.0959399	0.0581226	1
0.00878586	0.0327344	1
-0.0388438	-0.0176953	1
-0.0998863	-0.0254566	1
0.00927256	0.104388	1
0.0406814	-0.0500418	1
-0.0229941	0.124704	1
-0.0358217	0.0271226	1
-0.0151213	-0.0221876	1
-0.0121346	0.0449851	1
-0.035265	-0.103432	1
0.0428378	-0.024405	1
0.0179217	0.0356247	1
0.0164678	-0.101246	1
-0.00332931	-0.0134669	1
0.0412348	-0.029607	1
-0.164575	-0.0494756	1
-0.037211	-0.0129057	1
0.0825557	-0.0441329	1
-0.100641	0.0308668	1
-0.00440146	-0.0187847	1
-0.0312946	-0.182837	1
0.0464616	-0.016004	1
0.0524806	0.0186482	1
0.0248081	-0.0433036	1
0.047949	0.0121599	1
-0.0348903	-0.0415344	1
-0.0408595	0.109714	1
0.0670838	0.0521957	1
0.0106891	0.0320055	1
-0.054129	0.094995	1
-0.029847	0.0610011	1
0.0649995	-0.00787158	1
-0.0260672	0.0460772	1
-0.0353362	0.0166331	1
-0.0420092	0.0357224	1
-0.0159507	0.0204703	1
0.0950253	0.039467	1
0.0062504	0.0595432	1
0.0154484	0.0428175	1
-0.0181856	0.0624235	1
-0.0427541	0.0537391	1
-0.0308515	-0.00632679	1
-0.0858586	-0.0842305	1
0.113706	-0.0781543	1
-0.0580338	-0.0550551	1
-0.041266	0.018244	1
-0.0186128	-0.105775	1
0.0241471	-0.0295676	1
-0.102597	0.0352971	1
0.0924915	0.0187223	1
-0.0700827	-0.0560338	1
-0.0387974	-0.0401362	1
0.00699889	0.0183747	1
0.116759	0.0062356	1
0.124168	0.0303029	1
-0.0567187	0.0554047	1
-0.00313463	-0.0272402	1
0.163096	0.0332812	1
-0.0126458	0.0553012	1
0.00970596	-0.0698878	1
0.0430233	-0.0158641	1
-0.00646068	-0.0636761	1
0.0647115	-0.0429572	1
0.0843443	-0.0546947	1
-0.00191956	-0.00968646	1
-0.0529385	0.0393517	1
0.0128127	-0.0587524	1
-0.0242568	-0.0271685	1
0.0158056	0.0917769	1
-0.0785484	0.0930728	1
0.0537236	-0.0801803	1
-0.0257706	0.0177205	1
-0.0410552	-0.0122139	1
-0.0116231	-0.00127939	1
0.0425119	-0.0878407	1
0.0674154	0.151161	1
-0.0347656	0.141854	1
-0.0297066	-0.130247	1
-0.0104771	-0.0208581	1
0.0345807	0.0256827	1
-0.0725894	-0.0481967	1
0.0287806	-0.0143233	1
-0.02467	-0.0195556	1
0.00327083	0.0361092	1
0.137575	0.0281955	1
0.0318851	-0.0864037	1
0.0786226	0.0811742	1
0.00316548	-0.048339	1
-0.00768645	0.0285058	1
0.047313	0.00257556	1
0.00266831	-0.0540288	1
0.135864	0.0480687	1
-0.0158826	0.0331136	1
-0.108923	-0.00135608	1
-0.0025848	0.0500966	1
0.0282923	0.0940968	1
-0.00461673	0.01316	1
-0.0300256	0.0149127	1
0.0191781	-0.103534	1
-0.0469445	0.079771	1
0.0204928	-0.0760574	1
0.116051	-0.0511307	1
0.0911214	0.107533	1
0.0224832	0.073705	1
0.107835	-0.208574	1
-0.0340431	0.0580277	1
0.0370336	-0.025786	1
0.0521361	0.0993274	1
-0.0442694	0.0285442	1
0.0099201	0.0170019	1
0.0289286	-0.0613647	1
-0.00539063	-0.132402	1
0.0583489	-0.0205898	1
-0.0430729	-0.0838589	1
-0.0335278	-0.0678311	1
-0.0162827	-0.0154417	1
-0.118961	-0.00217631	1
0.0778428	0.0501377	1
-0.0823173	-0.150336	1
0.0533447	-0.0678436	1
-0.0885751	-0.0245599	1
-0.0121716	0.0395338	1
0.0288554	0.0206401	1
0.0559311	-0.0663515	1
0.00699317	-0.0320877	1
-0.0880651	-0.0227589	1
-0.018272	0.00100298	1
-0.100622	-0.0566002	1
0.0371041	-0.0236083	1
0.0574028	0.010554	1
-0.0297641	-0.011235	1
0.036188	-0.0456158	1
0.076079	0.03068	1
-0.129234	-0.0174578	1
0.0140206	0.060665	1
-0.0515757	0.143102	1
-0.14248	-0.0425849	1
-0.0452032	0.00748431	1
0.035202	0.0142034	1
0.0618831	-0.0365613	1
-0.0220498	-0.0342834	1
0.058222	0.152177	1
0.043132	-0.108366	1
-0.0650821	-0.0860048	1
-0.107477	0.0525407	1
-0.0256358	0.0843365	1
-0.00588937	0.00604768	1
0.00689027	-0.063661	1
0.0497769	-0.0140902	1
-0.0753605	0.0135533	1
-0.0715453	0.00211581	1
0.0453662	0.0609388	1
0.0638052	-0.0138109	1
0.0260174	-0.0322652	1
-0.0248381	0.0521977	1
-0.0346629	-0.0813554	1
-0.0400429	0.00203646	1
0.0557221	0.0389581	1
0.0623078	-0.0242913	1
-0.0389251	0.0385124	1
-0.0320941	-0.0848687	1
0.00323401	0.00317166	1
0.108476	0.0651957	1
0.0464877	0.0778576	1
-0.100356	0.0215607	1
0.0266033	-0.0235801	1
-0.127691	-0.0322612	1
0.00891587	-0.121322	1
0.0370445	-0.0469946	1
0.0259674	0.0949096	1
0.0275314	0.0845483	1
-0.0657243	0.000287184	1
0.0130447	-0.034267	1
0.016304	-0.0602916	1
-0.0464029	-0.0069534	1
0.0177788	-0.0127654	1
0.0292706	-0.00475218	1
-0.020012	0.0547112	1
0.043695	-0.0646213	1
0.0409655	0.0493042	1
0.0145248	0.0370284	1
-0.0440891	0.0690146	1
-0.00375001	0.0449985	1
-0.00149742	0.0967828	1
0.0232019	-0.0309266	1
0.0332955	0.0668568	1
0.025348	-0.0429393	1
-0.0518465	-0.0217459	1
0.0660997	0.00446549	1
0.0699014	0.0298378	1
0.0683465	0.00658372	1
-0.00633688	0.0507947	1
-0.0615875	-0.00870216	1
0.03393	-0.0326186	1
-0.0602149	-0.149751	1
-0.111494	-0.0236184	1
0.0103854	0.0379818	1
0.0492093	-0.00232395	1
-0.0168719	-0.154946	1
0.00368627	-0.0398855	1
0.0729783	0.0752431	1
0.138119	-0.102421	1
0.0720361	0.0112097	1
0.00789553	-0.0498153	1
-0.0861005	0.067823	1
0.0710754	0.0734996	1
0.013436	0.00880324	1
-0.0686401	0.0916982	1
-0.0134116	0.00525017	1
0.0709225	-0.0746382	1
-0.0725686	-0.0681621	1
0.0244149	0.0397207	1
-0.0737271	0.157218	1
-0.0603835	0.0170479	1
-0.0199548	-0.0504382	1
0.0371266	-0.00436306	1
0.0512812	-0.0289554	1
0.00572844	-0.0360169	1
0.0244776	0.0134547	1
0.0287607	0.0681942	1
-0.0346655	0.0393728	1
-0.020359	-0.0555129	1
-0.0431014	0.0572121	1
0.0187194	0.0280052	1
-0.0104714	0.115984	1
-0.00102616	-0.0638801	1
-0.0498917	0.0239022	1
0.00139455	0.0564503	1
0.01795	0.0107615	1
0.0275093	-0.0387854	1
0.0740774	0.0928695	1
0.0297974	0.0200257	1
-0.12204	0.0692001	1
-0.0107971	-0.0691638	1
-0.0186564	-0.0131563	1
-0.105755	0.0343874	1
0.0219828	-0.0640693	1
0.0665895	0.060819	1
0.0177457	0.00544248	1
-0.0494423	0.0749779	1
0.00168874	0.0908407	1
0.020941	-0.0689996	1
0.0365156	0.0430575	1
0.0194902	0.134224	1
0.0616627	-0.129403	1
-0.0347216	0.00341777	1
-0.0511423	0.099198	1
0.0910666	0.031006	1
-0.0650883	0.0204936	1
0.00290782	-0.0553717	1
0.0176342	-0.00376366	1
0.107243	0.102532	1
-0.0699757	0.105413	1
-0.103852	0.153599	1
-0.0281434	-0.0538627	1
0.100612	-0.0591031	1
-0.0309018	-0.0775312	1
0.0439637	-0.103461	1
0.050724	-0.116028	1
-0.127623	0.0167976	1
-0.0172415	0.0612441	1
-0.0947225	-0.0299016	1
-0.0230322	0.0150446	1
-0.0230406	0.0379209	1
-0.100506	0.0143253	1
-0.0580267	-0.0346894	1
-0.0264397	-0.0448339	1
0.00224446	0.0219588	1
0.0803931	-0.12202	1
0.048793	-0.0123195	1
-0.0948089	0.0743054	1
0.00845447	-0.0715696	1
-0.0750359	-0.0165306	1
0.0792464	0.0783359	1
-0.0241277	0.00953242	1
-0.0125175	0.0106726	1
-0.0297742	-0.0065277	1
-0.129451	0.0539538	1
0.0260219	-0.0316549	1
0.0830473	-0.00719637	1
-0.0628909	0.0207587	1
0.10537	0.0912515	1
-0.0704146	0.0765842	1
-0.0434669	0.0303507	1
0.114448	0.109915	1
0.00332451	0.0618517	1
0.00285449	0.160261	1
-0.0252503	-0.0969234	1
0.00265975	0.105692	1
-0.0667606	0.0231345	1
0.00296973	-0.0569471	1
0.123343	-0.063408	1
0.0306712	0.0421696	1
-0.0111402	0.074637	1
0.0443043	0.104071	1
-0.0414079	0.058768	1
-0.00392399	0.044583	1
0.00660717	0.084025	1
-0.076761	-0.014386	1
0.0306479	0.0272816	1
0.0203279	-0.0848471	1
0.0378529	0.00252854	1
-0.0411535	0.00522797	1
-0.0362072	0.00126109	1
0.0577899	-0.0111369	1
-0.0143285	0.0272566	1
-0.0398727	-0.0883617	1
-0.0220089	-0.09416	1
0.0145083	0.0430727	1
0.0440087	-0.0455827	1
-0.0341467	0.0817333	1
-0.0404107	-0.0643104	1
-0.00829315	0.0370054	1
-0.049653	-0.0228885	1
0.000729403	-0.000277941	1
-0.0455492	-0.0026461	1
-0.00402001	0.0212577	1
0.0903177	0.0996832	1
0.0347831	0.0429253	1
0.0209298	0.0341107	1
-0.0111897	-0.0415287	1
-0.040203	-0.0281286	1
-0.034169	0.0915278	1
-0.0622765	0.0329308	1
-0.119595	-0.0589709	1
-0.119505	-0.0461719	1
-0.0347645	-0.000530029	1
-0.0397052	0.0560582	1
0.00619996	-0.0111102	1
0.048354	0.0533783	1
0.216319	-0.0410763	1
0.00589003	-0.0203573	1
-0.0755648	0.0099794	1
-0.0978555	0.0213331	1
-0.00707993	-0.0228228	1
-0.00964447	0.0366902	1
-0.0865572	0.0286807	1
-0.0128059	0.0277845	1
0.0184135	0.0302945	1
0.0343313	-0.0480305	1
-0.111805	-0.125015	1
0.0283909	0.00795281	1
-0.0413185	-0.135362	1
-0.0906375	-0.0713848	1
0.0942491	0.0361514	1
-0.0382363	0.0628086	1
-0.0719652	0.0248801	1
0.053666	-0.0365891	1
-0.0558322	0.0741804	1
-0.0245401	0.0378213	1
-0.0095465	-0.0870648	1
-0.0586834	-0.0761978	1
-0.0197854	0.00509743	1
-0.035663	0.00704461	1
-0.0492531	-0.0343214	1
-0.0434691	-0.00390161	1
0.0543148	-0.0697067	1
-0.031729	0.0783902	1
0.0399638	0.0196732	1
-0.13937	0.0719048	1
0.00798379	0.0284557	1
-0.0567382	0.0836551	1
0.0659563	-0.0229054	1
0.0693829	0.0817997	1
0.0480211	0.102941	1
0.120748	0.129004	1
-0.057649	0.0140358	1
-0.00571407	-0.0771835	1
0.0137176	-0.0193534	1
-0.0516385	-0.0834545	1
0.00336356	0.0249343	1
-0.126027	0.0287556	1
0.00455291	0.0854106	1
-0.0123239	-0.0128249	1
-0.0745361	0.0407323	1
0.0375255	0.0206931	1
-0.0465475	0.0443062	1
-0.0536032	0.00728379	1
-0.0616096	-0.113812	1
0.0139938	0.0327903	1
-0.0205603	0.0320765	1
-0.0528087	-0.0482702	1
-0.0521212	0.0761705	1
0.0264358	0.0191882	1
-0.0214416	0.0273271	1
0.0870814	0.0245206	1
0.0113194	-0.06991	1
0.00945176	-0.0053073	1
0.0733951	-0.0613276	1
-0.0143815	0.0610173	1
0.00221152	-0.0473435	1
0.00208168	-0.0328652	1
-0.04418	0.0316734	1
-0.00736685	0.00404896	1
0.0306879	-0.0205275	1
-0.0491502	0.0346022	1
-0.0337406	0.0720558	1
0.00485551	0.0368484	1
0.0264	-0.0258351	1
0.0906436	-0.0116114	1
0.0685529	-0.0512748	1
-0.0888106	-0.0610399	1
-0.0222716	-0.0318555	1
-0.104331	-0.130083	1
0.0654387	-0.0240247	1
-0.0130607	0.000912351	1
0.00678895	0.0379129	1
0.00935456	0.0787028	1
-0.0252449	0.100019	1
-0.00851254	-0.0496814	1
0.0417317	0.00694556	1
-0.10037	-0.0633286	1
-0.0511354	0.00060329	1
-0.00422088	-0.00568627	1
-0.110168	-0.00847249	1
0.0226254	-0.00715781	1
0.0301682	-0.00814076	1
0.0349744	-0.00833789	1
-0.0492879	-0.0673725	1
-0.0543445	0.0424864	1
-0.0422821	0.0412017	1
0.00926711	0.0791738	1
-0.0374551	-0.101509	1
0.104098	0.0880082	1
0.0283368	0.00284165	1
-0.0742803	-0.115776	1
0.0721875	-0.0483456	1
-0.10753	0.0809355	1
0.0255203	0.0681732	1
-0.0771845	0.0282986	1
-0.0385178	-0.0152457	1
-0.00292719	-0.0273856	1
0.0814934	0.0552364	1
-0.0251009	0.0841354	1
0.0136421	-0.114266	1
0.0140214	0.0216119	1
-0.0349651	0.0210374	1
0.0752016	-0.061482	1
0.0540192	-0.00305179	1
-0.120597	-0.042451	1
-0.145682	0.0205775	1
0.0392878	0.0450984	1
0.0689196	0.0278153	1
-0.0484522	-0.0193052	1
-0.00918288	-0.00263386	1
0.0666883	-0.0306608	1
-0.0701169	0.068508	1
-0.023032	-0.0214213	1
-0.058396	0.0808667	1
0.0725442	0.0998287	1
-0.0300134	-0.00398283	1
-0.0821153	-0.0293888	1
0.017901	-0.0628236	1
-0.117621	0.0558098	1
0.050203	0.000683597	1
-0.042739	0.0219517	1
-0.120709	-0.0159793	1
0.0934497	0.00572522	1
-0.14268	0.0859843	1
0.0788773	-0.0881892	1
-0.0235948	0.0334705	1
0.0269276	-0.000831961	1
0.0379805	0.0406862	1
-0.0888325	-0.0193919	1
-0.0402638	-0.0553173	1
0.0361789	0.0467447	1
-0.0480206	-0.0325535	1
0.00748929	0.078538	1
-0.0558917	-0.107301	1
0.0247128	-0.0870532	1
0.00957349	0.00642041	1
-0.0693994	-0.0918051	1
-0.0712083	-0.0546793	1
-0.0481716	0.0260297	1
0.142	0.0447266	1
0.00445436	0.0241289	1
-0.0287232	0.158572	1
-0.0569522	0.0576787	1
-0.0482347	0.0287813	1
0.103268	0.0945538	1
0.176284	0.0138333	1
-0.009913	0.0608315	1
-0.0124615	-0.0889674	1
0.0172228	0.0560303	1
-0.0293879	0.0737674	1
0.0190322	0.0551111	1
-0.0844902	-0.0746218	1
0.00726445	-0.0721569	1
-0.0640565	-0.0430116	1
0.127658	0.015143	1
-0.0114601	-0.00394573	1
-0.0232021	0.05987	1
-0.056078	-0.132454	1
0.013928	0.0841365	1
0.0325863	0.0741756	1
0.123048	-0.0142484	1
-0.0547076	-0.106113	1
0.0962989	-0.0455724	1
-0.0190238	0.0571771	1
0.054151	-0.0494854	1
0.10322	-0.0034399	1
0.0580438	0.115712	1
-0.0118794	-0.0646566	1
0.0747574	-0.00771932	1
0.0345046	-0.0167605	1
0.105777	-0.0614339	1
0.204437	0.0619293	1
-0.111204	-0.0820389	1
0.0208944	0.0483978	1
-0.0360806	-0.0358009	1
0.0375679	0.0254824	1
-0.0224373	-0.123698	1
-0.0560864	0.0386503	1
0.0870113	-0.0207394	1
0.0789177	0.0119391	1
0.00692838	-0.123354	1
-0.0523727	0.0657461	1
-0.0707417	0.0214968	1
0.0302515	-0.0130731	1
-0.0923632	-0.106658	1
0.0647082	0.0249696	1
-0.0963061	0.017046	1
-0.181722	0.060754	1
-0.0672638	0.0266308	1
0.04536	-0.0653875	1
-0.0167059	0.0591229	1
0.0248173	0.0562598	1
-0.0328091	0.0745571	1
-0.00707414	0.0144607	1
-0.00189544	0.0279364	1
0.066817	-0.0493143	1
0.0364066	-0.0383127	1
-0.0379945	-0.0426169	1
0.105712	0.0784927	1
-0.061184	0.0367442	1
-0.0280247	-0.0469375	1
-0.0160703	-0.0264348	1
0.07502	0.0100476	1
-0.057319	0.0713084	1
0.0268956	-0.0528069	1
0.0416789	0.0136924	1
-0.0115319	0.0922572	1
-0.0169792	-0.00683178	1
0.0858991	-0.0191717	1
0.0619455	-0.0115066	1
0.0713591	-0.0331963	1
-0.0413888	0.0827166	1
-0.00491541	-0.027372	1
0.00916241	-0.0661602	1
-0.00217122	0.046856	1
-0.0192722	0.0871269	1
0.019911	0.0994599	1
-0.0726898	-0.101469	1
-0.0226874	0.0361685	1
-0.0498353	0.0929593	1
0.00625372	0.0477893	1
-0.0798796	-0.0503655	1
-0.0569446	-0.0763485	1
0.0337789	-0.0523241	1
0.0560054	0.014337	1
-0.023861	0.0890946	1
0.165316	-0.0444828	1
0.0535986	0.0258056	1
0.0204913	-0.0121329	1
-0.0335223	-0.00475665	1
0.00327264	-0.0236119	1
-0.0542371	-0.0398604	1
-0.00129863	-0.00262687	1
-0.0612133	-0.0158356	1
0.0319142	-0.00281218	1
-0.0136623	0.00112105	1
-0.0481865	-0.0377946	1
-0.0206123	-0.0498323	1
0.0315749	-0.0128076	1
0.0336617	-0.0470196	1
-0.0801252	0.0974722	1
-0.0527401	-0.00167041	1
-0.0697027	0.0697324	1
0.161271	-0.110555	1
0.0620752	0.0314704	1
0.0946158	-0.0703804	1
0.0106636	-0.0600093	1
-0.0213755	-0.0650823	1
-0.038195	0.0932296	1
0.0266229	0.00140703	1
0.0698772	0.0401945	1
-0.0849225	0.0388239	1
0.0125	0.031324	1
0.0146147	0.0338065	1
-0.00137291	0.042334	1
-0.00708126	0.0114487	1
0.0537223	0.0448425	1
-0.017129	-0.0531025	1
0.0396433	0.0199005	1
0.0233041	-0.0830013	1
0.0585889	0.0881701	1
0.0140742	0.0515819	1
0.0959892	-0.0335958	1
0.125308	-0.0969394	1
0.077819	0.013289	1
-0.0751008	-0.0444078	1
-0.018908	-0.0816967	1
0.0022666	-0.0701707	1
-0.0734626	-0.102062	1
-0.040631	0.0500496	1
-0.00336149	-0.0599329	1
-0.0771707	-0.0214168	1
-0.0368811	-0.0876579	1
-0.0144022	-0.0160423	1
0.0471625	-0.0365194	1
-0.0557156	0.0671093	1
-0.0193539	0.0785674	1
-0.0417438	-0.0509416	1
0.0904812	0.0661967	1
-0.0940102	-0.138503	1
0.0801832	-0.00795892	1
0.0938496	0.0876802	1
-0.0349028	-0.159597	1
0.119784	0.0394949	1
-0.0658057	-0.0410853	1
-0.00254881	0.0518057	1
0.0383585	0.0855505	1
-0.0809283	-0.173812	1
0.0416041	-0.0200225	1
0.0682984	-0.00821243	1
-0.020207	0.0830419	1
-0.0123173	0.0139284	1
-0.0041478	0.0163246	1
0.0603495	-0.105657	1
-0.0640987	0.0237795	1
0.0246587	-0.00805475	1
-0.154055	0.0169787	1
-0.0789646	0.00693728	1
-0.0193873	-0.0161277	1
0.102581	0.0451858	1
-0.00578682	0.0367563	1
0.0549171	0.0449357	1
-0.0235863	0.0262501	1
0.0378069	0.094569	1
0.0264178	-0.00680572	1
0.0848453	-0.123144	1
0.0578887	-0.0238498	1
0.0850093	0.0314942	1
0.00444462	-0.0260211	1
0.0147987	-0.0357625	1
0.126081	-0.0940844	1
-0.0993729	0.0253123	1
0.0820424	-0.134203	1
-0.0185092	0.0330255	1
-0.0746068	-0.0162398	1
0.0212429	0.025642	1
-0.0181465	-0.0901463	1
-0.00424137	0.0456751	1
-0.125906	-0.085471	1
-0.0450999	0.0380601	1
0.076156	0.155057	1
-0.0549465	0.140397	1
0.0708263	-0.113475	1
0.0122518	0.057517	1
-0.0610337	0.0453078	1
-0.0011652	0.089337	1
-0.025312	-0.0663626	1
-0.0903991	0.0583669	1
0.111004	-0.0145301	1
0.104536	0.00690957	1
0.0192628	0.0292823	1
0.052587	0.0251006	1
-0.0557198	0.0508363	1
0.0385008	-0.012311	1
-0.108596	0.118901	1
-0.10294	-0.0200389	1
0.137732	0.0105013	1
-0.0491919	-0.0326037	1
-0.00656209	-0.00550954	1
0.041161	-0.0999212	1
-0.0124468	-0.125147	1
0.0183943	0.000801406	1
-0.0318682	0.113706	1
-0.0879412	-0.0544394	1
-0.00828811	-0.0315217	1
-0.0183754	-0.00671397	1
0.0878536	-0.00681251	1
0.029194	-0.0204872	1
-0.0586375	-0.0231365	1
0.0882688	-0.0878613	1
-0.0600745	0.0120285	1
-0.0129363	-0.0344744	1
-0.0315277	-0.0535209	1
0.0485958	0.0328005	1
0.0561938	0.00253443	1
-0.147831	0.0536492	1
-0.0179199	-0.0458204	1
-0.0573993	-0.101761	1
-0.0495185	-0.0995104	1
0.0839335	0.0215753	1
0.0582355	0.000666593	1
-0.0284381	-0.035726	1
0.155558	0.00812089	1
-0.00777193	0.0112493	1
0.0204122	0.0165907	1
-0.0229142	-0.0812362	1
0.10673	-0.00998019	1
0.103143	0.067723	1
0.0656699	0.0318671	1
0.0837075	0.0498804	1
-0.0645042	0.0932069	1
-0.0421298	0.0931839	1
0.0287716	-0.00708911	1
0.0149825	0.0520074	1
0.13164	-0.130244	1
-0.0331744	0.0536703	1
0.00370278	-0.179219	1
-0.0303433	0.0615469	1
-0.0163655	0.0491842	1
0.0825916	-0.0782334	1
-0.0237256	-0.0616511	1
0.0320446	-0.147454	1
0.0391117	0.0793607	1
-0.0107739	-0.0394266	1
-0.0456923	-0.0319524	1
-0.13013	-0.103691	1
-1.88936e-05	0.0232633	1
0.0146178	-0.021748	1
-0.0486623	-0.0283289	1
-0.0124796	-0.0423133	1
0.083035	0.0502486	1
-0.0481717	-0.137739	1
-0.0407799	-0.00153409	1
-0.110049	0.0689527	1
0.0150549	-0.00102402	1
0.0274289	-0.0636044	1
0.126165	-0.0889344	1
-0.0330948	0.0652373	1
0.00932915	-0.0255071	1
-0.0521943	-0.0609537	1
-0.104585	0.0616875	1
0.00428019	0.0142961	1
0.108722	-0.0788325	1
-0.00758952	0.061011	1
0.0491983	0.0738864	1
-0.010628	0.115119	1
-0.0534462	-0.0267732	1
-0.080848	0.0615913	1
0.139538	0.00914314	1
-0.0373231	0.092924	1
-0.0316818	0.00268654	1
-0.0456157	-0.0545863	1
0.0347658	-0.0149588	1
-0.0479996	0.0321448	1
-0.0050102	-0.126714	1
0.0586355	-0.0128532	1
0.0277122	-0.0594392	1
-0.0352991	-0.0629685	1
-0.0228747	-0.0673687	1
0.0275988	-0.0455908	1
0.0211832	0.0322673	1
0.0538525	-0.0145304	1
0.0679358	0.0128511	1
-0.0857168	0.0462947	1
-0.0303885	-0.0548543	1
0.0411576	-0.0681911	1
0.0553017	-0.0672857	1
0.0455313	-0.0936688	1
-0.0119343	-0.188463	1
0.0100174	-0.1025	1
0.0451971	-0.0643459	1
-0.0605326	-0.0466519	1
0.0296721	-0.11103	1
0.0829048	0.102185	1
0.110798	-0.0458862	1
-0.0611729	0.00227325	1
-0.000349437	0.0269003	1
-0.119763	0.0374022	1
-0.00234068	-0.124622	1
0.0128087	0.0425234	1
0.110595	0.011828	1
-0.0272583	0.046531	1
-0.0275602	-0.0423113	1
-0.0280686	0.0727204	1
0.0653436	0.0733167	1
0.0249706	0.0670715	1
0.103851	0.0118969	1
0.0171471	0.0463212	1
-0.0355158	-0.032291	1
-0.0741679	0.0782627	1
0.0174638	0.0072628	1
-0.0946462	0.0135223	1
-0.0536896	0.0371949	1
0.0568345	0.0262187	1
0.0133516	0.0207057	1
0.0124242	-0.0263476	1
0.00135964	-0.0279856	1
-0.0318903	0.0504552	1
0.0667215	0.0733215	1
-0.0295988	-0.037145	1
-0.0808591	0.0313444	1
-0.0757115	0.0311343	1
-0.035903	0.00432324	1
-0.0937566	0.021458	1
0.0191014	0.00717777	1
-0.163079	-0.0436371	1
0.00873098	0.0466402	1
0.0208743	-0.0063555	1
-0.0394389	0.097707	1
-0.000909727	0.0478001	1
-0.0165359	-0.111937	1
0.0303844	0.0266969	1
0.0164965	0.0526736	1
-0.0688263	-0.0726249	1
0.0746637	0.0923201	1
0.0527721	0.056572	1
0.0851362	-0.0837259	1
-0.101162	-0.0444664	1
0.115231	-0.00861489	1
0.0457106	0.099365	1
-0.0683638	-0.107157	1
-0.0466933	0.109388	1
0.11916	0.125789	1
-0.00447783	-0.0114393	1
0.00763305	-0.111536	1
-0.0268792	0.146374	1
0.059429	-0.0143793	1
0.0417985	-0.0816235	1
0.152143	-0.053305	1
-0.149058	0.0281651	1
0.0503111	0.0170541	1
0.0389549	-0.0556712	1
-0.0234165	0.0238834	1
0.0678116	-0.141973	1
-0.121678	0.0390588	1
0.0240591	-0.00597889	1
0.00369789	-0.0187439	1
-0.0287023	-0.0684529	1
0.00308648	0.0398434	1
0.0301679	0.0941539	1
0.0729112	-0.0690453	1
0.125748	-0.125979	1
-0.0116187	-0.00471268	1
-0.0548907	-0.0547944	1
0.0384413	0.0144694	1
0.125474	0.0184976	1
-0.0392767	0.021427	1
-0.0718212	0.0183543	1
0.0624696	-0.00125838	1
0.0125343	0.0341608	1
-0.0244647	-0.031236	1
0.0774199	0.125514	1
0.10973	-0.063399	1
0.0862216	-0.109123	1
0.0572718	0.00766649	1
-0.0411614	-0.00961699	1
0.0417177	0.0221722	1
-0.0640295	-0.0218717	1
0.0171385	0.0446184	1
0.0104718	-0.0780594	1
0.0689692	-0.0681385	1
0.103217	0.114057	1
-0.0578191	0.0281362	1
-0.0398634	-0.0494353	1
0.000249812	0.147637	1
0.000351578	-0.0375384	1
0.0851017	0.0915738	1
0.000987005	-0.0555231	1
-0.0338202	0.00361334	1
-0.044362	0.0440089	1
-0.140657	0.0221104	1
-0.123451	-0.0420905	1
0.0239988	0.0342588	1
-0.135484	-0.0469218	1
0.00691149	-0.0535462	1
0.0413375	-0.0785827	1
0.0692182	-0.0303378	1
-0.0590887	-0.0746496	1
0.105909	-0.0133071	1
-0.0453954	0.0420915	1
-0.0801162	0.0415827	1
0.0113023	0.0978898	1
-0.0217864	0.0104714	1
-0.125841	0.00673455	1
-0.0309666	0.000902602	1
0.0374905	-0.0440822	1
-0.133349	-0.0106583	1
-0.0922899	0.0145552	1
-0.0452704	-0.0284237	1
0.00547802	-0.0836816	1
-0.0226426	0.0011055	1
-0.0404103	-0.0367206	1
-0.0498829	0.152431	1
0.121298	-0.0917818	1
0.0387693	0.0171267	1
-0.0784908	-0.0592132	1
-0.0256544	-0.0059405	1
0.0413326	0.0593445	1
0.0919468	0.0510674	1
-0.0200012	-0.0823251	1
0.0394512	-0.0750573	1
-0.105985	0.0320453	1
-0.0208911	0.0228235	1
-0.0624719	0.0914013	1
-0.064277	-0.0267786	1
-0.0757742	-0.0707237	1
0.0251614	-0.0310154	1
0.0180263	-0.0377706	1
0.0456715	-0.0363137	1
-0.0546294	-0.0428456	1
-0.0822361	0.0164699	1
0.0839616	0.155631	1
-0.0759661	-0.00536863	1
-0.039879	-0.00763172	1
0.020068	-0.0112815	1
-0.00203471	-0.0296049	1
-0.0765328	-0.0501625	1
-0.00733477	-0.0299092	1
-0.0497182	-0.0638327	1
0.0594169	-0.00707538	1
0.0181095	0.057236	1